/* SOLVED
    line 5 of sort_bubble: 
        for (int i = 0; i < size-1; i++) {
    changed from:
        for (int i = 0; i < size; i++) {
*/




/* All sort functions are running on COPY of randomized array */ 


Randomized array:                                                       //Generated array
[22701, 27581, 32665, 29389, 2820, 12886, 23592, 28749, 27714, 18344,   // Note number at [0]
7765, 7075, 11239, 32251, 27857, 26637, 31315, 26118, 28685, 3209,
24978, 5228, 4522, 5505, 8313, 24710, 20529, 14765, 15346, 99,
31492, 30262, 14996, 9741, 27284, 13847, 15991, 526, 2261, 2249,
28998, 20275, 15855, 11295, 30357, 19344, 5431, 28015, 22645, 17092,
11869, 9714, 8774, 3455, 20198, 22125, 7629, 10817, 10205, 9745,
26247, 21348, 9158, 18592, 18236, 13916, 20692, 4050, 5590, 12350,
15196, 11255, 372, 13183, 19592, 24541, 1723, 15102, 336, 11252,
32364, 28229, 3494, 13488, 31292, 23308, 16369, 26671, 25568, 26623,
14525, 10012, 4711, 25794, 19121, 29907, 18892, 23345, 5825, 29382]

Randomized array (copy):                                                //Generated array copied ok
[22701, 27581, 32665, 29389, 2820, 12886, 23592, 28749, 27714, 18344,
7765, 7075, 11239, 32251, 27857, 26637, 31315, 26118, 28685, 3209,
24978, 5228, 4522, 5505, 8313, 24710, 20529, 14765, 15346, 99,
31492, 30262, 14996, 9741, 27284, 13847, 15991, 526, 2261, 2249,
28998, 20275, 15855, 11295, 30357, 19344, 5431, 28015, 22645, 17092,
11869, 9714, 8774, 3455, 20198, 22125, 7629, 10817, 10205, 9745,
26247, 21348, 9158, 18592, 18236, 13916, 20692, 4050, 5590, 12350,
15196, 11255, 372, 13183, 19592, 24541, 1723, 15102, 336, 11252,
32364, 28229, 3494, 13488, 31292, 23308, 16369, 26671, 25568, 26623,
14525, 10012, 4711, 25794, 19121, 29907, 18892, 23345, 5825, 29382]

Insertion sort:                                                          //Sort ok
[99, 336, 372, 526, 1723, 2249, 2261, 2820, 3209, 3455,
3494, 4050, 4522, 4711, 5228, 5431, 5505, 5590, 5825, 7075,
7629, 7765, 8313, 8774, 9158, 9714, 9741, 9745, 10012, 10205,
10817, 11239, 11252, 11255, 11295, 11869, 12350, 12886, 13183, 13488,
13847, 13916, 14525, 14765, 14996, 15102, 15196, 15346, 15855, 15991,
16369, 17092, 18236, 18344, 18592, 18892, 19121, 19344, 19592, 20198,
20275, 20529, 20692, 21348, 22125, 22645, 22701, 23308, 23345, 23592,
24541, 24710, 24978, 25568, 25794, 26118, 26247, 26623, 26637, 26671,
27284, 27581, 27714, 27857, 28015, 28229, 28685, 28749, 28998, 29382,
29389, 29907, 30262, 30357, 31292, 31315, 31492, 32251, 32364, 32665]  // Note largest number

Randomized array (original):                                           // Untouched array ok
[22701, 27581, 32665, 29389, 2820, 12886, 23592, 28749, 27714, 18344,
7765, 7075, 11239, 32251, 27857, 26637, 31315, 26118, 28685, 3209,
24978, 5228, 4522, 5505, 8313, 24710, 20529, 14765, 15346, 99,
31492, 30262, 14996, 9741, 27284, 13847, 15991, 526, 2261, 2249,
28998, 20275, 15855, 11295, 30357, 19344, 5431, 28015, 22645, 17092,
11869, 9714, 8774, 3455, 20198, 22125, 7629, 10817, 10205, 9745,
26247, 21348, 9158, 18592, 18236, 13916, 20692, 4050, 5590, 12350,
15196, 11255, 372, 13183, 19592, 24541, 1723, 15102, 336, 11252,
32364, 28229, 3494, 13488, 31292, 23308, 16369, 26671, 25568, 26623,
14525, 10012, 4711, 25794, 19121, 29907, 18892, 23345, 5825, 29382]

Randomized array (copy):                                               // Copied array again, still ok
[22701, 27581, 32665, 29389, 2820, 12886, 23592, 28749, 27714, 18344,
7765, 7075, 11239, 32251, 27857, 26637, 31315, 26118, 28685, 3209,
24978, 5228, 4522, 5505, 8313, 24710, 20529, 14765, 15346, 99,
31492, 30262, 14996, 9741, 27284, 13847, 15991, 526, 2261, 2249,
28998, 20275, 15855, 11295, 30357, 19344, 5431, 28015, 22645, 17092,
11869, 9714, 8774, 3455, 20198, 22125, 7629, 10817, 10205, 9745,
26247, 21348, 9158, 18592, 18236, 13916, 20692, 4050, 5590, 12350,
15196, 11255, 372, 13183, 19592, 24541, 1723, 15102, 336, 11252,
32364, 28229, 3494, 13488, 31292, 23308, 16369, 26671, 25568, 26623,
14525, 10012, 4711, 25794, 19121, 29907, 18892, 23345, 5825, 29382]

Bubble sort:                                                          // Problematic sort function
[99, 336, 372, 526, 1723, 2249, 2261, 2820, 3209, 3455,
3494, 4050, 4522, 4711, 5228, 5431, 5505, 5590, 5825, 7075,
7629, 7765, 8313, 8774, 9158, 9714, 9741, 9745, 10012, 10205,
10817, 11239, 11252, 11255, 11295, 11869, 12350, 12886, 13183, 13488,
13847, 13916, 14525, 14765, 14996, 15102, 15196, 15346, 15855, 15991,
16369, 17092, 18236, 18344, 18592, 18892, 19121, 19344, 19592, 20198,
20275, 20529, 20692, 21348, 22125, 22645, 22701, 22701, 23308, 23345,  // 22701 twice at [66], [67]. 
23592, 24541, 24710, 24978, 25568, 25794, 26118, 26247, 26623, 26637,  // This was the number at [0] in randomized array
26671, 27284, 27581, 27714, 27857, 28015, 28229, 28685, 28749, 28998,
29382, 29389, 29907, 30262, 30357, 31292, 31315, 31492, 32251, 32364]  // Missing 32665

Randomized array (original):
[32665, 27581, 32665, 29389, 2820, 12886, 23592, 28749, 27714, 18344,   // [0] in ORIGINAL array has been 
7765, 7075, 11239, 32251, 27857, 26637, 31315, 26118, 28685, 3209,      // overwritten by that missing largest number
24978, 5228, 4522, 5505, 8313, 24710, 20529, 14765, 15346, 99,
31492, 30262, 14996, 9741, 27284, 13847, 15991, 526, 2261, 2249,
28998, 20275, 15855, 11295, 30357, 19344, 5431, 28015, 22645, 17092,
11869, 9714, 8774, 3455, 20198, 22125, 7629, 10817, 10205, 9745,
26247, 21348, 9158, 18592, 18236, 13916, 20692, 4050, 5590, 12350,
15196, 11255, 372, 13183, 19592, 24541, 1723, 15102, 336, 11252,
32364, 28229, 3494, 13488, 31292, 23308, 16369, 26671, 25568, 26623,
14525, 10012, 4711, 25794, 19121, 29907, 18892, 23345, 5825, 29382]

Randomized array (copy):                                              // The corrupted original array is copied  
[32665, 27581, 32665, 29389, 2820, 12886, 23592, 28749, 27714, 18344,
7765, 7075, 11239, 32251, 27857, 26637, 31315, 26118, 28685, 3209,
24978, 5228, 4522, 5505, 8313, 24710, 20529, 14765, 15346, 99,
31492, 30262, 14996, 9741, 27284, 13847, 15991, 526, 2261, 2249,
28998, 20275, 15855, 11295, 30357, 19344, 5431, 28015, 22645, 17092,
11869, 9714, 8774, 3455, 20198, 22125, 7629, 10817, 10205, 9745,
26247, 21348, 9158, 18592, 18236, 13916, 20692, 4050, 5590, 12350,
15196, 11255, 372, 13183, 19592, 24541, 1723, 15102, 336, 11252,
32364, 28229, 3494, 13488, 31292, 23308, 16369, 26671, 25568, 26623,
14525, 10012, 4711, 25794, 19121, 29907, 18892, 23345, 5825, 29382]

Selection sort:                                                        // Expected sort of corrupted array 
[99, 336, 372, 526, 1723, 2249, 2261, 2820, 3209, 3455,
3494, 4050, 4522, 4711, 5228, 5431, 5505, 5590, 5825, 7075,
7629, 7765, 8313, 8774, 9158, 9714, 9741, 9745, 10012, 10205,
10817, 11239, 11252, 11255, 11295, 11869, 12350, 12886, 13183, 13488,
13847, 13916, 14525, 14765, 14996, 15102, 15196, 15346, 15855, 15991,
16369, 17092, 18236, 18344, 18592, 18892, 19121, 19344, 19592, 20198,
20275, 20529, 20692, 21348, 22125, 22645, 23308, 23345, 23592, 24541,  //Missing 22701
24710, 24978, 25568, 25794, 26118, 26247, 26623, 26637, 26671, 27284,
27581, 27714, 27857, 28015, 28229, 28685, 28749, 28998, 29382, 29389,
29907, 30262, 30357, 31292, 31315, 31492, 32251, 32364, 32665, 32665]  // 32665 twice

Bubble sort:                                                           //Second run of problematic sort function:
[99, 336, 372, 526, 1723, 2249, 2261, 2820, 3209, 3455,                // Looks like expected sort of corrupted array - 
3494, 4050, 4522, 4711, 5228, 5431, 5505, 5590, 5825, 7075,            // BUT combined wierd effects of run 1:
7629, 7765, 8313, 8774, 9158, 9714, 9741, 9745, 10012, 10205,          //   1) doubling of [0]   
10817, 11239, 11252, 11255, 11295, 11869, 12350, 12886, 13183, 13488,  //   2) dropping the largest number
13847, 13916, 14525, 14765, 14996, 15102, 15196, 15346, 15855, 15991,  // would look the same 
16369, 17092, 18236, 18344, 18592, 18892, 19121, 19344, 19592, 20198,
20275, 20529, 20692, 21348, 22125, 22645, 23308, 23345, 23592, 24541,  
24710, 24978, 25568, 25794, 26118, 26247, 26623, 26637, 26671, 27284,
27581, 27714, 27857, 28015, 28229, 28685, 28749, 28998, 29382, 29389,
29907, 30262, 30357, 31292, 31315, 31492, 32251, 32364, 32665, 32665]   


Randomized array (original):                                            // No further corruption evident
[32665, 27581, 32665, 29389, 2820, 12886, 23592, 28749, 27714, 18344,   // [0] may have been overwritten
7765, 7075, 11239, 32251, 27857, 26637, 31315, 26118, 28685, 3209,      // again, can't tell
24978, 5228, 4522, 5505, 8313, 24710, 20529, 14765, 15346, 99,
31492, 30262, 14996, 9741, 27284, 13847, 15991, 526, 2261, 2249,
28998, 20275, 15855, 11295, 30357, 19344, 5431, 28015, 22645, 17092,
11869, 9714, 8774, 3455, 20198, 22125, 7629, 10817, 10205, 9745,
26247, 21348, 9158, 18592, 18236, 13916, 20692, 4050, 5590, 12350,
15196, 11255, 372, 13183, 19592, 24541, 1723, 15102, 336, 11252,
32364, 28229, 3494, 13488, 31292, 23308, 16369, 26671, 25568, 26623,
14525, 10012, 4711, 25794, 19121, 29907, 18892, 23345, 5825, 29382]


